LABR_1 1  596.8  134221  1969  
LABR_2 2  563.536  108017  2170.72  662.033  142708  2583.5  
LABR_3 2  330.212  103184  1530.34  699.031  134924  2512.17  
LABR_4 1  780.204  130882  2115.24  
LABR_5 2  500.74  109129  2083.98  694.152  143422  2666.63  
LABR_6 1  788.908  127726  1977.69  
LABR_7 1  755.519  131983  2211.61  
LABR_8 2  653.825  128957  2677.72  784.245  130940  1998.94  
LABR_9 3  421.823  103538  1882.53  574.749  133448  2458.17  700.267  136024  2682.45  
LABR_10 2  607.491  124514  2116.57  815.694  127172  1794.96  
LABR_11 1  604.906  131781  1923.19  
LABR_12 3  370.084  103174  1654.58  492.536  134686  3373.64  692.373  136506  2041.73  
LABR_13 1  729.272  130803  2003.75  
LABR_14 1  795.924  128116  1933.14  
LABR_15 2  476.148  110827  2166.99  657.489  145699  2728.66  
LABR_16 2  569.681  125720  2191.07  708.255  127046  2067.56  

 NEW (CYAN FIT) 
LABR_1 1  836.472  131905  3487.98  
LABR_2 2  563.536  217352  2170.72  688.281  141329  3152.46  
LABR_3 2  -2.05889e+07  103006  -50.4772  766.79  133688  2970.76  
LABR_4 1  804.463  129447  3039.46  
LABR_5 2  517.399  108939  1876.47  751.911  142207  3015.62  
LABR_6 1  814.624  126317  2856.97  
LABR_7 1  811.085  130741  2853.59  
LABR_8 2  790.182  129564  2803.61  878.852  129060  3318.62  
LABR_9 3  1.10297e+10  103751  63.1207  729.505  135010  3076.23  722.052  134813  3023.63  
LABR_10 2  804.688  125927  2900.02  796.121  125492  2990.81  
LABR_11 1  810.333  129583  3215.25  
LABR_12 3  -294272  102927  -3.10607  682.912  134977  2983.81  741.773  134449  3567.47  
LABR_13 1  753.982  129209  3059.76  
LABR_14 1  772.928  126616  2928.29  
LABR_15 2  461.903  110492  2014.92  665.062  144519  3200.17  
LABR_16 2  747.913  125762  2894.55  758.574  125596  2976.83  
